start=1.876875
volume=130.000000
sid=1
