start=1392.800000
contrast=-11
video-aspect-override=1.777778
