start=2.625000
pause=yes
sid=2
sub-delay=-0.100000
