start=91.216000
pause=yes
volume=85.000000
aid=1
