start=1355.271000
pause=yes
volume=130.000000
aid=1
sid=1
