start=37.746042
volume=130.000000
