start=1521.440000
panscan=0.000000
