start=3109.356250
pause=yes
volume=90.000000
