start=181.475422
volume=75.000000
