start=34.492516
pause=yes
panscan=0.100000
