start=46.296250
pause=yes
volume=70.000000
