start=860.526333
pause=yes
sub-delay=1.000000
