start=2641.643154
pause=yes
volume=70.000000
