start=183.850333
volume=120.000000
