start=0.458792
volume=65.000000
