start=2654.735417
volume=105.000000
