start=0.000000
pause=yes
volume=75.000000
fullscreen=yes
sid=2
